0.001
20
1 1 1 1 1 1 1 1 1 1 1 1 1 1 1 1 1 1 1 30 45
1 1 1 1 1 1 1 1 1 1 1 1 1 1 1 1 1 1 30 1 45
1 1 1 1 1 1 1 1 1 1 1 1 1 1 1 1 1 30 1 1 45
1 1 1 1 1 1 1 1 1 1 1 1 1 1 1 1 30 1 1 1 45
1 1 1 1 1 1 1 1 1 1 1 1 1 1 1 30 1 1 1 1 45
1 1 1 1 1 1 1 1 1 1 1 1 1 1 30 1 1 1 1 1 45
1 1 1 1 1 1 1 1 1 1 1 1 1 30 1 1 1 1 1 1 45
1 1 1 1 1 1 1 1 1 1 1 1 30 1 1 1 1 1 1 1 45
1 1 1 1 1 1 1 1 1 1 1 30 1 1 1 1 1 1 1 1 45
1 1 1 1 1 1 1 1 1 1 30 1 1 1 1 1 1 1 1 1 45
1 1 1 1 1 1 1 1 1 30 1 1 1 1 1 1 1 1 1 1 45
1 1 1 1 1 1 1 1 30 1 1 1 1 1 1 1 1 1 1 1 45
1 1 1 1 1 1 1 30 1 1 1 1 1 1 1 1 1 1 1 1 45
1 1 1 1 1 1 30 1 1 1 1 1 1 1 1 1 1 1 1 1 45
1 1 1 1 1 30 1 1 1 1 1 1 1 1 1 1 1 1 1 1 45
1 1 1 1 30 1 1 1 1 1 1 1 1 1 1 1 1 1 1 1 45
1 1 1 30 1 1 1 1 1 1 1 1 1 1 1 1 1 1 1 1 45
1 1 30 1 1 1 1 1 1 1 1 1 1 1 1 1 1 1 1 1 45
1 30 1 1 1 1 1 1 1 1 1 1 1 1 1 1 1 1 1 1 45
30 1 1 1 1 1 1 1 1 1 1 1 1 1 1 1 1 1 1 1 45
